 168
 103
 176
 167
  68
  23
 214
  96
  54
 103
  25
  92
  31
 131
 221
  95
 107
 174
 210
 208
 153
 205
  42
  85
 209
 156
 110
  61
 160
 246
  83
  17
 191
 244
 108
 220
  41
  56
  51
 135
   6
  67
 218
 193
 103
 131
 207
 204
 232
 239
 229
 109
 113
  33
  13
 197
 224
 109
  87
  71
  15
  19
 130
  62
  59
 156
 125
  56
 138
   3
 182
 235
  66
 144
 214
 198
 151
 123
  46
  92
 102
  56
 189
 219
  76
 211
 144
 166
  57
  82
  63
  31
 236
 189
 246
 207
 188
 245
  87
   6
 135
 103
  20
   6
 157
 231
 177
  24
  10
  43
  70
 190
 141
  83
  57
   8
 250
  97
 124
 210
 191
 134
  96
  45
  19
 131
 203
 216
 238
 128
 123
 194
 209
 189
 173
  35
 128
 179
  10
  12
 201
  43
 169
 113
  15
 220
 108
   3
  84
  74
